10051271
10392756
10433809
10619828
10704089
11000238
11135729
11531023
11557194
11673208
11724936
11792075
12616290
12746045
14559427
15161705
15205031
16499650
16889950
17202807
17401344
1894366
19563446
20133931
2024859
20433386
21457223
21816944
22289729
23199585
23243218
23421021
23831213
23926686
24303350
24331940
24478074
25060971
25562150
25923882
26232753
26235264
26368625
26495021
26573338
26783416
28128091
28149493
28195541
28365872
28711990
28717640
29069759
29187564
29197869
29374476
29545181
29903169
30522171
30658203
30807985
30864740
30970343
31036768
31274341
31276936
31293647
31310589
31606039
32010582
32140052
32420055
32441866
32482141
32517757
32583155
32676303
32984073
33007940
33027851
33569297
33709136
33781349
33828971
33987084
34057840
34336700
34422992
34773243
35038824
35286327
35291714
35370749
35406535
35681723
35706819
35748739
35967416
35971678
36153611
36253524
36570798
36891307
37025100
37052973
37119524
37214809
37259819
37314339
37486790
37577304
37587851
37653019
37674579
37732030
37805755
37831401
37958349
38062691
38104125
38112031
38164737
38385113
38476004
38563965
38853265
39181290
39233657
39384418
39473854
39633451
39823293
40017263
40424288
40543422
40544736
4060097
40749152
40832660
40972995
41033128
41094592
41121272
41541182
41585542
41629097
41643267
41676216
41690102
41763445
41878461
41970393
41982959
41986956
42041598
42134719
42168888
42433255
7552586
7679346
7780825
7946259
7988196
8062188
8217857
8420406
8546576
8831305
8843791
8902455
9001323
9067520
9143609
9192985
9224415
9388849
9398948
9400736
9403541
9441129
9459620
9758735
